removeFirstLast
45
50
72
77
78
79
104
105
108
109
110
111
130
131
132
162
163
166
167
168
169
614
615
616
806
807
808
809
810
811
812
813
814
815
816
817
818
819
944
945
946
974
975
976
977
978
test_add
52
50
72
77
78
79
104
105
108
109
110
111
130
131
132
162
163
164
165
166
167
168
169
293
294
295
336
337
338
339
453
454
455
469
470
471
478
479
480
481
534
535
536
555
556
557
558
559
560
561
944
945
946
test_add_index
47
50
72
77
78
79
104
105
108
109
110
111
130
131
132
150
151
152
336
337
338
339
453
454
455
588
589
590
593
594
595
596
597
598
599
600
601
602
603
604
944
945
946
974
975
976
977
978
test_addAll
78
50
72
104
105
108
109
110
111
121
122
123
124
125
126
127
130
131
132
162
163
164
165
166
167
168
169
187
188
189
190
191
194
195
196
197
198
199
203
204
205
206
207
208
209
210
222
223
224
336
337
338
339
453
454
455
468
469
470
471
478
479
480
481
483
484
485
486
489
492
498
499
500
501
974
975
976
977
978
test_addFirst
62
50
72
77
78
79
104
105
108
109
110
111
130
131
132
150
151
152
534
535
536
555
556
557
558
559
560
561
562
569
570
588
589
590
593
594
595
596
597
598
599
600
601
604
651
652
653
672
673
674
675
676
677
678
679
680
687
688
974
975
976
977
978
test_capacityIncrease
76
50
72
77
78
79
104
105
108
109
110
111
130
131
132
150
151
152
468
469
470
471
472
473
474
475
476
477
478
479
480
481
534
535
536
555
556
557
558
559
560
561
562
569
570
588
589
590
593
594
595
596
597
598
599
600
601
604
651
652
653
672
673
674
675
676
677
678
679
680
687
688
974
975
976
977
978
test_contains
36
50
72
77
78
79
104
105
108
109
110
111
130
131
132
162
163
166
167
168
169
293
294
295
555
556
557
558
559
560
561
562
569
570
944
945
946
test_equals
82
50
72
104
105
108
109
110
111
121
122
123
124
125
126
127
130
131
132
187
188
189
190
191
194
195
198
199
203
204
205
206
207
208
209
210
222
223
224
258
259
260
336
337
338
339
401
402
405
406
407
408
409
410
411
412
413
414
415
416
417
418
419
420
453
454
455
762
763
764
765
766
767
768
885
886
887
888
889
890
944
945
946
test_get_int
37
50
72
77
78
79
104
105
108
109
110
111
130
131
132
162
163
166
167
168
169
336
337
338
339
340
341
453
454
455
944
945
946
974
975
976
977
978
test_index_of
47
50
72
77
78
79
104
105
108
109
110
111
130
131
132
162
163
166
167
168
169
534
535
536
555
556
557
558
559
560
561
562
569
570
651
652
653
672
673
674
675
676
677
678
679
680
687
688
test_remove
70
50
72
77
78
79
104
105
108
109
110
111
130
131
132
162
163
164
165
166
167
168
169
293
294
295
469
470
471
478
479
480
481
534
535
536
556
557
558
559
560
561
562
569
570
736
737
738
784
785
786
787
788
789
790
791
806
807
808
809
810
811
812
813
814
815
816
819
944
945
946
test_remove_index
48
50
72
77
78
79
104
105
108
109
110
111
130
131
132
162
163
164
165
166
167
168
169
468
469
470
471
478
479
480
481
705
706
707
708
709
710
711
712
713
714
715
716
717
718
719
944
945
946
test_remove_index2
40
50
72
77
78
79
104
105
108
109
110
111
130
131
132
162
163
166
167
168
169
705
706
707
708
709
710
711
712
713
714
715
716
717
718
719
974
975
976
977
978
test_set
75
50
72
89
90
91
104
105
108
109
110
111
130
131
132
187
188
189
190
191
194
195
196
197
198
199
203
204
205
206
207
208
209
210
222
223
224
337
338
339
453
454
455
483
484
485
486
487
488
489
492
498
499
500
501
885
886
887
888
889
890
891
892
906
907
908
909
912
944
945
946
974
975
976
977
978
test_setsize
56
50
72
89
90
91
104
105
108
109
110
111
130
131
132
232
233
234
235
236
237
238
247
248
249
380
381
382
384
385
386
387
457
458
459
460
461
462
463
468
469
470
471
472
473
474
478
479
480
481
924
925
928
929
932
933
934
test_toArray
38
50
72
77
78
79
104
105
108
109
110
111
130
131
132
162
163
164
165
166
167
168
169
468
469
470
471
478
479
480
481
944
945
946
974
975
976
977
978
